    299 35
    343 36
    298 37
    280 38
    269 39
    237 40
    231 41
    228 42
    228 43
    201 44
    189 45
    203 46
    208 47
    174 48
    194 49
    182 50
    182 51
    174 52
    175 53
    189 54
    165 55
    164 56
    175 57
    167 58
    170 59
    158 60
    147 61
    174 62
    137 63
    140 64
    154 65
    157 66
    153 67
    139 68
    161 69
    151 70
    139 71
    143 72
    155 73
    161 74
    173 75
    150 76
    146 77
    148 78
    144 79
    149 80
    155 81
    173 82
    151 83
    160 84
    169 85
    168 86
    192 87
    177 88
    188 89
    205 90
    205 91
    225 92
    189 93
    206 94
    253 95
    239 96
    235 97
    216 98
    253 99
    229 100
    269 101
    243 102
    245 103
    284 104
    252 105
    268 106
    324 107
    288 108
    398 109
    418 110
    471 111
    478 112
    382 113
    467 114
    534 115
    447 116
    602 117
    539 118
    701 119
    781 120
    557 121
    587 122
    505 123
    482 124
    514 125
    509 126
    475 127
    429 128
    406 129
    435 130
    379 131
    423 132
    357 133
    429 134
    435 135
    428 136
    440 137
    470 138
    476 139
    454 140
    403 141
    558 142
    601 143
    597 144
    681 145
    950 146
   2406 147
   1214 148
   6228 149
  53858 150
