   8006 35
   8314 36
   8792 37
   8744 38
   8268 39
   8711 40
   8472 41
   7893 42
   8516 43
   9835 44
   9756 45
  10281 46
  20339 47
  17646 48
  14105 49
  11717 50
  13696 51
  17934 52
  12808 53
  10381 54
   9594 55
   9514 56
   8828 57
   9038 58
   8978 59
   9423 60
   9419 61
   9300 62
   9319 63
   9313 64
   9565 65
   9329 66
   9797 67
  10007 68
  10266 69
  10714 70
  10902 71
  11247 72
  11870 73
  12232 74
  13046 75
  13376 76
  14144 77
  15067 78
  16364 79
  17075 80
  18278 81
  19507 82
  21181 83
  22055 84
  24616 85
  25882 86
  28377 87
  30314 88
  33994 89
  35306 90
  37336 91
  40341 92
  42518 93
  46590 94
  49547 95
  51890 96
  55158 97
  57446 98
  60398 99
  63685 100
  67887 101
  71094 102
  74479 103
  77810 104
  81118 105
  84429 106
  87842 107
  88646 108
  95159 109
  96603 110
 100213 111
 104213 112
 105920 113
 107171 114
 108833 115
 113335 116
 117240 117
 122639 118
 125235 119
 127376 120
 131923 121
 134836 122
 139413 123
 141009 124
 145485 125
 149305 126
 149309 127
 154315 128
 152134 129
 155103 130
 155485 131
 155094 132
 159726 133
 163830 134
 167085 135
 167393 136
 166560 137
 165428 138
 171305 139
 166520 140
 165896 141
 165439 142
 171055 143
 176739 144
 201107 145
 291027 146
 643288 147
  72407 148
 598532 149
26403801 150
