    958 35
    964 36
    921 37
    888 38
    901 39
   1065 40
    948 41
    930 42
    926 43
    840 44
    929 45
    917 46
   1056 47
   1051 48
    994 49
   1007 50
    954 51
   1113 52
   1025 53
    934 54
   1024 55
   1012 56
    988 57
   1067 58
   1042 59
   1108 60
   1133 61
   1075 62
   1089 63
   1012 64
   1020 65
   1071 66
   1018 67
   1113 68
   1118 69
   1124 70
   1086 71
   1160 72
   1212 73
   1151 74
   1171 75
   1218 76
   1169 77
   1239 78
   1251 79
   1396 80
   1340 81
   1472 82
   1482 83
   1631 84
   1607 85
   1664 86
   1695 87
   1837 88
   1951 89
   2105 90
   2227 91
   2457 92
   2512 93
   2598 94
   2886 95
   3148 96
   3348 97
   3521 98
   3601 99
   3907 100
   4392 101
   4324 102
   4689 103
   5058 104
   4963 105
   5724 106
   5612 107
   5864 108
   6416 109
   6512 110
   6818 111
   7128 112
   7823 113
   7968 114
   8100 115
   9111 116
   9119 117
   5596 118
   5552 119
   4006 120
   5579 121
   4823 122
   4403 123
   3760 124
   3475 125
   2966 126
   3071 127
   2928 128
   2921 129
   3065 130
   4116 131
   3969 132
   3652 133
   3754 134
   3316 135
   3780 136
   3885 137
   3654 138
   3978 139
   4381 140
   9639 141
   6982 142
    615 143
    743 144
    935 145
   1460 146
   3460 147
   2671 148
  11696 149
 114535 150
