   5554 35
   5682 36
   5574 37
   5486 38
   5891 39
   5718 40
   5751 41
   5592 42
   5787 43
   5747 44
   5836 45
   5884 46
   5964 47
   6016 48
   6085 49
   6053 50
   6098 51
   6408 52
   6413 53
   6349 54
   6552 55
   6645 56
   6561 57
   6594 58
   6667 59
   6949 60
   6905 61
   7262 62
   7402 63
   7561 64
   7878 65
   7971 66
   8325 67
   8433 68
   8790 69
   9295 70
   9594 71
  10092 72
  10707 73
  11330 74
  12006 75
  12406 76
  13473 77
  14487 78
  15654 79
  16672 80
  17697 81
  19154 82
  20796 83
  21860 84
  24362 85
  25517 86
  28013 87
  29711 88
  32695 89
  34326 90
  37154 91
  40259 92
  42164 93
  45322 94
  49654 95
  51380 96
  54708 97
  57211 98
  59437 99
  62784 100
  67792 101
  71086 102
  74670 103
  77068 104
  81117 105
  84380 106
  88280 107
  89043 108
  95291 109
  97204 110
 100657 111
 104890 112
 106339 113
 107597 114
 109376 115
 113327 116
 117023 117
 122367 118
 125487 119
 127797 120
 132873 121
 135594 122
 138230 123
 141148 124
 146205 125
 149819 126
 150752 127
 154190 128
 151702 129
 156286 130
 156599 131
 156936 132
 161014 133
 167402 134
 169609 135
 169895 136
 170749 137
 168675 138
 176098 139
 169827 140
 168909 141
 168806 142
 176202 143
 182948 144
 210010 145
 315743 146
 832454 147
  94240 148
 947300 149
25914842 150
