   9206 35
   9208 36
   9397 37
   9539 38
  10020 39
   9858 40
  10089 41
  10026 42
  10104 43
   9926 44
  10263 45
  10160 46
  10270 47
  10276 48
  10446 49
  10338 50
  10235 51
  10714 52
  10523 53
  10595 54
  10815 55
  10740 56
  10605 57
  10745 58
  10890 59
  10542 60
  10872 61
  10966 62
  11135 63
  11391 64
  10781 65
  11133 66
  11561 67
  11723 68
  11345 69
  11322 70
  11874 71
  11510 72
  11554 73
  11445 74
  11557 75
  12013 76
  11835 77
  11856 78
  12021 79
  12401 80
  12415 81
  12792 82
  12627 83
  12728 84
  13286 85
  13288 86
  13124 87
  13533 88
  13341 89
  14661 90
  14591 91
  14076 92
  14539 93
  14618 94
  16336 95
  15217 96
  15542 97
  17168 98
  16455 99
  17130 100
  18319 101
  18062 102
  18665 103
  19424 104
  20389 105
  20763 106
  21686 107
  22070 108
  23213 109
  23980 110
  24522 111
  25921 112
  27544 113
  27125 114
  29082 115
  29384 116
  31173 117
  32596 118
  33871 119
  34455 120
  35383 121
  36862 122
  38627 123
  39818 124
  41373 125
  43463 126
  44659 127
  46684 128
  47029 129
  48947 130
  49743 131
  50858 132
  53675 133
  56219 134
  59571 135
  61168 136
  62385 137
  63454 138
  65923 139
  67446 140
  66589 141
  69094 142
  74947 143
  84686 144
 130277 145
 307511 146
1005902 147
 224535 148
1846997 149
38712332 150
