    318 35
    361 36
    330 37
    281 38
    316 39
    318 40
    294 41
    279 42
    306 43
    237 44
    251 45
    244 46
    273 47
    236 48
    254 49
    243 50
    255 51
    205 52
    221 53
    219 54
    218 55
    249 56
    191 57
    209 58
    211 59
    186 60
    199 61
    193 62
    217 63
    194 64
    203 65
    207 66
    192 67
    193 68
    194 69
    186 70
    165 71
    168 72
    176 73
    175 74
    173 75
    174 76
    169 77
    177 78
    190 79
    170 80
    179 81
    170 82
    161 83
    200 84
    156 85
    180 86
    131 87
    169 88
    163 89
    159 90
    169 91
    175 92
    161 93
    159 94
    170 95
    142 96
    168 97
    172 98
    146 99
    155 100
    164 101
    187 102
    157 103
    169 104
    152 105
    177 106
    163 107
    182 108
    170 109
    187 110
    174 111
    165 112
    190 113
    185 114
    180 115
    176 116
    182 117
    186 118
    218 119
    184 120
    178 121
    189 122
    211 123
    192 124
    213 125
    206 126
    190 127
    230 128
    183 129
    194 130
    198 131
    197 132
    194 133
    234 134
    246 135
    239 136
    235 137
    245 138
    228 139
    242 140
    213 141
    250 142
    290 143
    301 144
    402 145
    851 146
   2226 147
   1742 148
   8231 149
  68993 150
