    851 35
    764 36
    752 37
    774 38
    834 39
    778 40
    786 41
    782 42
    791 43
    787 44
    885 45
    903 46
    929 47
    936 48
    872 49
    868 50
    845 51
   1068 52
    947 53
    881 54
   1007 55
    979 56
    937 57
    971 58
   1026 59
    980 60
    929 61
    930 62
   1013 63
    946 64
   1012 65
   1101 66
   1031 67
   1089 68
    963 69
   1042 70
   1184 71
   1221 72
   1165 73
   1143 74
   1100 75
   1195 76
   1130 77
   1152 78
   1161 79
   1273 80
   1214 81
   1298 82
   1268 83
   1292 84
   1288 85
   1182 86
   1158 87
   1246 88
   1373 89
   1332 90
   1237 91
   1237 92
   1299 93
   1355 94
   1358 95
   1337 96
   1352 97
   1374 98
   1288 99
   1482 100
   1658 101
   1363 102
   1394 103
   1512 104
   1603 105
   1891 106
   1681 107
   1473 108
   1735 109
   1676 110
   1869 111
   1785 112
   1792 113
   1866 114
   1670 115
   1758 116
   1721 117
   1947 118
   1954 119
   1878 120
   2213 121
   2070 122
   2027 123
   2068 124
   2270 125
   1944 126
   2186 127
   2102 128
   2294 129
   2196 130
   2986 131
   3089 132
   2814 133
   2930 134
   2736 135
   3110 136
   3626 137
   3096 138
   3391 139
   3733 140
   6297 141
   4706 142
    614 143
    715 144
    989 145
   2024 146
   5601 147
   5113 148
  22898 149
 217027 150
