   9423 35
   9324 36
   9279 37
   9416 38
   9684 39
   9874 40
   9910 41
  10021 42
  10243 43
  10517 44
  10713 45
  11031 46
  14208 47
  15929 48
  16475 49
  15594 50
  19752 51
  20242 52
  22647 53
  20253 54
  16704 55
  17803 56
  18639 57
  18202 58
  16239 59
  13823 60
  13142 61
  13084 62
  12233 63
  11970 64
  11294 65
  10716 66
  10756 67
  10258 68
  10479 69
  10226 70
  10338 71
  10348 72
  10127 73
   9949 74
  10323 75
  10586 76
  10311 77
  10062 78
  10485 79
  10530 80
  10456 81
  10534 82
  10921 83
  10804 84
  10639 85
  10852 86
  10906 87
  10920 88
  11529 89
  12540 90
  12486 91
  12372 92
  13263 93
  13843 94
  14793 95
  14657 96
  14727 97
  15451 98
  15890 99
  17257 100
  17347 101
  17485 102
  18539 103
  18774 104
  19736 105
  19795 106
  20324 107
  20912 108
  21383 109
  22733 110
  23162 111
  23864 112
  25041 113
  25282 114
  26969 115
  27674 116
  29498 117
  31547 118
  32392 119
  32956 120
  34519 121
  35707 122
  37840 123
  38985 124
  40290 125
  42574 126
  44978 127
  46252 128
  48276 129
  49997 130
  49576 131
  52080 132
  54579 133
  56131 134
  60032 135
  60007 136
  60889 137
  61694 138
  63567 139
  64824 140
  63711 141
  65731 142
  70071 143
  75626 144
 111160 145
 252638 146
 758104 147
 160026 148
1227396 149
39721018 150
